"subject","block","trial","condition","correct_response","participant_response","rt","ip_address","latitude","longitude","browser_version","operating_system","screen_resolution","device_type","user_agent","session_id","click_rate","error_count"
"subj023",1,1,"ink_naming_cong","yellow","yellow",1054,"202.63.217.219",-0.897011999040842,43.1787945795804,"Chrome","Windows","497x95","Desktop","Agent7770",3062,0,0
"subj023",1,2,"word_reading_cong","red","red",811,"216.33.61.168",64.8205356812105,166.167302532122,"Chrome","Windows","781x144","Desktop","Agent6191",6346,0,0
"subj023",1,3,"word_reading_incong","red","red",813,"212.112.212.53",-41.5782311512157,-124.92981380783,"Chrome","Windows","800x613","Desktop","Agent9073",2046,0,0
"subj023",1,4,"ink_naming_incong","red","red",293,"215.136.74.118",-34.0865075122565,43.5423437878489,"Chrome","Windows","168x341","Desktop","Agent1361",7487,0,0
"subj023",1,5,"ink_naming_cong","red","red",88,"208.19.143.103",69.8627809295431,52.4794542510062,"Chrome","Windows","243x678","Desktop","Agent3961",2210,0,0
"subj023",1,6,"word_reading_cong","red","red",623,"209.63.28.67",35.6887767417356,98.0450030509382,"Chrome","Windows","769x80","Desktop","Agent3149",4688,0,0
"subj023",1,7,"ink_naming_cong","red","red",914,"195.183.197.20",22.9617467243224,83.0302819702774,"Chrome","Windows","944x653","Desktop","Agent1714",8471,0,0
"subj023",1,8,"word_reading_cong","green","green",545,"221.92.177.241",-72.1094380086288,163.336768448353,"Chrome","Windows","850x79","Desktop","Agent2213",2460,0,0
"subj023",1,9,"ink_naming_cong","green","green",998,"192.191.200.143",46.7219431092963,-15.0489391945302,"Chrome","Windows","723x683","Desktop","Agent7797",9294,0,0
"subj023",1,10,"word_reading_cong","green","green",549,"206.230.170.138",64.317462737672,-115.47717070207,"Chrome","Windows","693x708","Desktop","Agent1386",371,0,0
"subj023",1,11,"word_reading_cong","blue","blue",515,"214.17.117.101",36.2468805257231,121.468143705279,"Chrome","Windows","998x567","Desktop","Agent8990",3278,0,0
"subj023",1,12,"ink_naming_cong","red","red",933,"203.129.71.236",47.7441259240732,-97.0747084915638,"Chrome","Windows","129x17","Desktop","Agent8967",7517,0,0
"subj023",1,13,"ink_naming_cong","blue","blue",986,"200.127.102.49",49.0294014243409,-4.56376824527979,"Chrome","Windows","609x238","Desktop","Agent2897",6891,0,0
"subj023",1,14,"ink_naming_incong","blue","blue",1079,"196.49.79.31",-58.9646056154743,176.286967014894,"Chrome","Windows","608x523","Desktop","Agent3979",4898,0,0
"subj023",1,15,"word_reading_incong","red",NA,NA,"192.17.70.5",-84.6274911286309,-149.053853647783,"Chrome","Windows","972x3","Desktop","Agent3457",6994,0,0
"subj023",1,16,"ink_naming_cong","yellow",NA,NA,"218.136.46.84",68.0552292522043,82.5733496434987,"Chrome","Windows","453x422","Desktop","Agent8012",2435,0,0
"subj023",1,17,"word_reading_incong","blue","blue",762,"209.113.116.210",-25.0135921547189,-123.505695266649,"Chrome","Windows","89x371","Desktop","Agent1880",8818,0,0
"subj023",1,18,"ink_naming_cong","blue","blue",962,"222.48.51.152",9.01904901489615,87.1585154626518,"Chrome","Windows","964x272","Desktop","Agent5107",4293,0,0
"subj023",1,19,"ink_naming_incong","blue","blue",1082,"217.64.20.192",-50.6359832268208,137.717810142785,"Chrome","Windows","357x280","Desktop","Agent8497",9265,0,0
"subj023",1,20,"ink_naming_cong","red","red",1171,"198.20.123.113",-55.7422038121149,-164.733114056289,"Chrome","Windows","260x178","Desktop","Agent4815",1377,0,0
"subj023",1,21,"ink_naming_incong","green","green",1119,"210.199.228.225",-34.903405867517,74.1067643556744,"Chrome","Windows","117x408","Desktop","Agent3792",4007,0,0
"subj023",1,22,"ink_naming_cong","blue","blue",990,"215.165.234.123",-16.0180218983442,146.567165181041,"Chrome","Windows","479x485","Desktop","Agent7536",1012,0,0
"subj023",1,23,"ink_naming_incong","blue","blue",1173,"223.17.164.253",-47.1981929568574,139.528649328277,"Chrome","Windows","99x457","Desktop","Agent3846",7100,0,0
"subj023",1,24,"word_reading_incong","blue","blue",873,"209.52.167.74",-42.6568072009832,-60.4839321412146,"Chrome","Windows","976x604","Desktop","Agent4261",9183,0,0
"subj023",1,25,"word_reading_incong","yellow","yellow",770,"200.169.178.238",8.28939671628177,-17.1592137403786,"Chrome","Windows","691x64","Desktop","Agent1182",4824,0,0
"subj023",1,26,"ink_naming_incong","blue","blue",1006,"223.30.167.134",-50.2762609021738,105.693254414946,"Chrome","Windows","341x46","Desktop","Agent2756",8825,0,0
"subj023",1,27,"ink_naming_cong","red","red",968,"197.95.95.33",-5.43953702319413,-139.791449150071,"Chrome","Windows","943x145","Desktop","Agent7288",8852,0,0
"subj023",1,28,"ink_naming_incong","red","red",1184,"206.10.35.242",75.6461589597166,-4.64671379886568,"Chrome","Windows","779x282","Desktop","Agent2629",3698,0,0
"subj023",1,29,"ink_naming_cong","red","red",946,"198.77.41.25",-27.7697761589661,145.176178961992,"Chrome","Windows","856x370","Desktop","Agent7151",8508,0,0
"subj023",1,30,"ink_naming_incong","blue","green",1246,"222.75.23.224",36.3723833905533,89.4946397189051,"Chrome","Windows","768x390","Desktop","Agent1362",4621,0,0
"subj023",1,31,"word_reading_incong","blue",NA,NA,"209.95.112.44",-5.02332444302738,-147.8019656986,"Chrome","Windows","417x297","Desktop","Agent5557",8875,0,0
"subj023",1,32,"ink_naming_cong","green","green",1097,"209.249.8.148",53.6494013015181,179.895318662748,"Chrome","Windows","689x443","Desktop","Agent3427",4085,0,0
"subj023",1,33,"ink_naming_incong","yellow","yellow",1322,"198.177.232.183",-5.82151271402836,80.4137768503278,"Chrome","Windows","513x426","Desktop","Agent1803",1482,0,0
"subj023",1,34,"word_reading_incong","green","green",500,"204.204.102.98",-38.9801506279036,-75.9057084470987,"Chrome","Windows","781x307","Desktop","Agent2561",2967,0,0
"subj023",1,35,"ink_naming_cong","yellow","yellow",1014,"197.148.179.206",71.6681104805321,-49.6020152047276,"Chrome","Windows","563x269","Desktop","Agent2019",4287,0,0
"subj023",1,36,"word_reading_cong","yellow","yellow",693,"209.227.75.37",62.403758992441,-141.267039533705,"Chrome","Windows","734x494","Desktop","Agent2062",9244,0,0
"subj023",1,37,"ink_naming_cong","green","green",1021,"204.159.253.95",-14.3576901359484,6.59580023959279,"Chrome","Windows","902x429","Desktop","Agent8744",8243,0,0
"subj023",1,38,"ink_naming_incong","green","green",1302,"208.225.152.52",33.9743975875899,16.1612218525261,"Chrome","Windows","695x290","Desktop","Agent7258",6451,0,0
"subj023",1,39,"word_reading_cong","green","green",849,"217.121.153.155",13.9159968215972,13.4168960619718,"Chrome","Windows","889x731","Desktop","Agent2685",8638,0,0
"subj023",1,40,"ink_naming_cong","red","red",1010,"215.207.135.212",-56.0928711667657,26.5702067501843,"Chrome","Windows","462x659","Desktop","Agent9399",8607,0,0
"subj023",1,41,"word_reading_cong","blue","blue",577,"203.255.99.209",-28.4584345389158,141.339499829337,"Chrome","Windows","430x334","Desktop","Agent9320",8769,0,0
"subj023",1,42,"word_reading_incong","blue","blue",747,"209.236.34.134",71.9656954938546,-79.7052516415715,"Chrome","Windows","552x706","Desktop","Agent4192",6407,0,0
"subj023",1,43,"ink_naming_cong","red","red",943,"209.213.136.103",27.8105117473751,169.188330285251,"Chrome","Windows","431x242","Desktop","Agent8988",8168,0,0
"subj023",1,44,"ink_naming_incong","yellow","yellow",1027,"207.95.226.144",-33.1065251491964,51.6889557056129,"Chrome","Windows","274x37","Desktop","Agent3711",8599,0,0
"subj023",1,45,"ink_naming_cong","red",NA,NA,"192.50.154.155",5.11397568974644,-14.1136801522225,"Chrome","Windows","94x496","Desktop","Agent3175",3777,0,0
"subj023",1,46,"word_reading_cong","green","green",858,"215.69.119.88",35.2544639445841,153.52690866217,"Chrome","Windows","149x83","Desktop","Agent1992",2200,0,0
"subj023",1,47,"word_reading_cong","blue","blue",762,"202.141.19.193",-20.5731758940965,-27.2586425486952,"Chrome","Windows","730x206","Desktop","Agent7489",8618,0,0
"subj023",1,48,"word_reading_incong","blue","blue",755,"202.249.198.59",-58.9103401685134,-31.5379976481199,"Chrome","Windows","247x447","Desktop","Agent2702",4108,0,0
"subj023",1,49,"word_reading_incong","red",NA,NA,"192.19.183.207",-19.2023443384096,-27.9799660854042,"Chrome","Windows","795x714","Desktop","Agent4700",4005,0,0
"subj023",1,50,"word_reading_cong","red","red",657,"196.18.57.123",84.3266729218885,-176.353796264157,"Chrome","Windows","265x136","Desktop","Agent1644",1843,0,0
"subj023",2,1,"ink_naming_cong","yellow","yellow",1075,"211.250.73.74",69.7278996370733,-12.9722920898348,"Chrome","Windows","332x626","Desktop","Agent8284",3107,0,0
"subj023",2,2,"ink_naming_incong","red","red",1181,"194.207.50.202",11.2561120837927,-127.508976878598,"Chrome","Windows","180x4","Desktop","Agent6561",7058,0,0
"subj023",2,3,"word_reading_cong","blue","blue",562,"213.6.88.242",38.4078922821209,66.8649904523045,"Chrome","Windows","759x636","Desktop","Agent1160",3654,0,0
"subj023",2,4,"ink_naming_incong","red","red",1121,"219.167.11.226",3.14006104599684,-156.806821301579,"Chrome","Windows","991x70","Desktop","Agent9683",5519,0,0
"subj023",2,5,"ink_naming_incong","yellow","yellow",1088,"203.67.129.212",37.1862410008907,-64.1395772527903,"Chrome","Windows","342x125","Desktop","Agent6972",8501,0,0
"subj023",2,6,"ink_naming_cong","green","green",970,"215.90.74.101",-22.4541430687532,-120.268018702045,"Chrome","Windows","168x318","Desktop","Agent7565",9756,0,0
"subj023",2,7,"ink_naming_incong","yellow","yellow",1143,"205.247.25.226",71.8280510650948,-69.4198134820908,"Chrome","Windows","325x680","Desktop","Agent8913",5886,0,0
"subj023",2,8,"word_reading_incong","blue","blue",842,"204.183.69.251",8.56960855890065,146.863705432042,"Chrome","Windows","918x398","Desktop","Agent1075",4168,0,0
"subj023",2,9,"word_reading_incong","green","red",655,"205.128.208.81",67.552578295581,-83.8698489312083,"Chrome","Windows","884x339","Desktop","Agent2211",6084,0,0
"subj023",2,10,"ink_naming_incong","red","red",1301,"194.25.124.66",-20.9214369300753,-41.942563187331,"Chrome","Windows","221x438","Desktop","Agent6501",5644,0,0
"subj023",2,11,"ink_naming_cong","red","red",1189,"193.90.228.182",-53.5237935790792,122.630983656272,"Chrome","Windows","415x452","Desktop","Agent3701",8399,0,0
"subj023",2,12,"word_reading_cong","red","red",722,"218.93.162.91",-89.3080716300756,-156.515741273761,"Chrome","Windows","328x703","Desktop","Agent3048",7457,0,0
"subj023",2,13,"word_reading_incong","yellow","yellow",593,"201.167.203.123",-54.9569369573146,-117.307280385867,"Chrome","Windows","16x294","Desktop","Agent8730",937,0,0
"subj023",2,14,"ink_naming_cong","red","red",974,"211.192.150.69",-77.6262180833146,-124.121667835861,"Chrome","Windows","815x521","Desktop","Agent4197",133,0,0
"subj023",2,15,"word_reading_cong","yellow","yellow",713,"195.168.157.12",-45.6786650558934,-93.7410888075829,"Chrome","Windows","1013x406","Desktop","Agent5041",9816,0,0
"subj023",2,16,"word_reading_cong","red","red",739,"208.15.215.201",-8.64963440224528,-67.8473251964897,"Chrome","Windows","239x736","Desktop","Agent8607",9413,0,0
"subj023",2,17,"word_reading_incong","blue","blue",830,"200.131.252.69",-17.3873291630298,-29.9780183471739,"Chrome","Windows","676x290","Desktop","Agent4612",3947,0,0
"subj023",2,18,"ink_naming_cong","yellow","yellow",930,"213.135.189.165",-44.5221323613077,34.8926267400384,"Chrome","Windows","503x589","Desktop","Agent8935",83,0,0
"subj023",2,19,"ink_naming_cong","yellow","yellow",907,"207.6.65.131",23.9470725087449,-73.9749886002392,"Chrome","Windows","693x39","Desktop","Agent8162",1525,0,0
"subj023",2,20,"word_reading_incong","green","green",657,"215.88.98.187",69.7211903007701,107.771230973303,"Chrome","Windows","669x79","Desktop","Agent8849",7090,0,0
"subj023",2,21,"word_reading_incong","blue","blue",726,"208.16.6.67",-34.4514590129256,131.566788638011,"Chrome","Windows","691x665","Desktop","Agent1934",5979,0,0
"subj023",2,22,"word_reading_cong","red",NA,NA,"210.26.229.36",-36.4896504487842,-123.679302334785,"Chrome","Windows","683x447","Desktop","Agent3115",3694,0,0
"subj023",2,23,"ink_naming_cong","yellow","yellow",977,"217.152.125.220",25.9923991654068,54.192393226549,"Chrome","Windows","479x541","Desktop","Agent9532",3179,0,0
"subj023",2,24,"word_reading_cong","red","red",638,"220.190.120.152",65.2095978520811,-147.923567919061,"Chrome","Windows","256x14","Desktop","Agent1139",914,0,0
"subj023",2,25,"ink_naming_cong","yellow","yellow",988,"198.137.146.75",-50.4949710750952,-101.363706467673,"Chrome","Windows","935x192","Desktop","Agent5663",2477,0,0
"subj023",2,26,"ink_naming_cong","green","green",965,"201.178.122.132",-67.7030648896471,-155.857948539779,"Chrome","Windows","443x29","Desktop","Agent3588",2554,0,0
"subj023",2,27,"ink_naming_incong","blue","blue",1034,"214.124.241.246",-59.2235757457092,97.0795758627355,"Chrome","Windows","1020x400","Desktop","Agent2790",7890,0,0
"subj023",2,28,"word_reading_cong","yellow","yellow",773,"204.183.78.66",47.6257318351418,-43.9439410530031,"Chrome","Windows","636x447","Desktop","Agent3566",9597,0,0
"subj023",2,29,"word_reading_cong","blue","blue",640,"197.59.84.243",-42.9383556218818,-149.339442607015,"Chrome","Windows","1003x429","Desktop","Agent6724",9140,0,0
"subj023",2,30,"ink_naming_incong","green","green",1284,"195.118.92.62",10.5152833973989,-48.1254751514643,"Chrome","Windows","546x579","Desktop","Agent5107",3210,0,0
"subj023",2,31,"ink_naming_cong","red","red",1097,"223.210.46.189",-17.8999864356592,77.0477471128106,"Chrome","Windows","318x203","Desktop","Agent5823",9189,0,0
"subj023",2,32,"word_reading_incong","red","red",872,"198.133.198.5",30.3826081193984,86.6471767053008,"Chrome","Windows","924x652","Desktop","Agent8195",7887,0,0
"subj023",2,33,"ink_naming_incong","green","green",1109,"203.219.53.72",68.9666174305603,-117.39273657091,"Chrome","Windows","747x82","Desktop","Agent3321",488,0,0
"subj023",2,34,"word_reading_incong","red","red",528,"196.243.74.141",53.5841318406165,124.572531329468,"Chrome","Windows","505x661","Desktop","Agent1028",7646,0,0
"subj023",2,35,"ink_naming_incong","red",NA,NA,"209.163.243.71",45.9221452614293,-168.533894252032,"Chrome","Windows","190x190","Desktop","Agent8449",9975,0,0
"subj023",2,36,"word_reading_cong","green","green",591,"212.87.183.161",33.444486502558,137.213133573532,"Chrome","Windows","508x458","Desktop","Agent5651",8368,0,0
"subj023",2,37,"word_reading_incong","red","red",797,"204.63.113.17",-29.3475763918832,83.6288780998439,"Chrome","Windows","613x380","Desktop","Agent3630",8513,0,0
"subj023",2,38,"word_reading_incong","green","green",646,"200.36.83.34",51.2682035705075,150.862311031669,"Chrome","Windows","442x484","Desktop","Agent9645",9884,0,0
"subj023",2,39,"ink_naming_incong","yellow","yellow",1081,"205.198.219.94",-52.8571360185742,66.5242484025657,"Chrome","Windows","135x625","Desktop","Agent1718",3031,0,0
"subj023",2,40,"word_reading_cong","blue","blue",807,"192.35.186.176",40.7041248399764,-52.9637944791466,"Chrome","Windows","558x171","Desktop","Agent5599",3728,0,0
"subj023",2,41,"ink_naming_cong","green",NA,NA,"221.233.45.47",-19.1632792633027,-72.8809607215226,"Chrome","Windows","113x286","Desktop","Agent1618",4031,0,0
"subj023",2,42,"word_reading_cong","green",NA,NA,"211.61.70.102",-45.253136199899,116.210908675566,"Chrome","Windows","36x187","Desktop","Agent1424",636,0,0
"subj023",2,43,"ink_naming_incong","blue","blue",1119,"223.176.20.237",-56.4243665942922,-137.359792403877,"Chrome","Windows","981x238","Desktop","Agent9689",8301,0,0
"subj023",2,44,"ink_naming_cong","yellow","yellow",1108,"219.229.229.94",37.2119573503733,-140.84341253154,"Chrome","Windows","516x368","Desktop","Agent8346",3231,0,0
"subj023",2,45,"ink_naming_incong","yellow","yellow",1133,"197.68.152.144",51.1651217099279,-150.594986239448,"Chrome","Windows","849x53","Desktop","Agent4178",1753,0,0
"subj023",2,46,"ink_naming_incong","blue","blue",1275,"212.123.125.151",-84.5858407393098,52.1430533565581,"Chrome","Windows","120x295","Desktop","Agent8294",3520,0,0
"subj023",2,47,"word_reading_cong","red","red",513,"218.46.149.133",29.2202679812908,66.2832726258785,"Chrome","Windows","515x292","Desktop","Agent1109",6980,0,0
"subj023",2,48,"word_reading_incong","red",NA,NA,"194.118.246.15",-33.9209474483505,-69.8744823597372,"Chrome","Windows","747x286","Desktop","Agent8222",2241,0,0
"subj023",2,49,"word_reading_incong","blue","blue",526,"212.16.83.59",-41.6236867569387,-108.676625043154,"Chrome","Windows","67x688","Desktop","Agent9480",4371,0,0
"subj023",2,50,"ink_naming_cong","red","red",1002,"221.111.114.24",-46.6106059541926,-9.67006313614547,"Chrome","Windows","156x529","Desktop","Agent1803",2705,0,0
"subj023",3,1,"ink_naming_incong","yellow","yellow",1222,"208.71.236.187",-72.6008832408115,-159.683409752324,"Chrome","Windows","746x349","Desktop","Agent6573",8468,0,0
"subj023",3,2,"word_reading_cong","green","green",732,"192.200.72.111",12.7831970248371,-96.7342795059085,"Chrome","Windows","821x700","Desktop","Agent7543",1438,0,0
"subj023",3,3,"ink_naming_incong","red",NA,NA,"209.248.90.202",-13.4989383816719,145.462945494801,"Chrome","Windows","445x605","Desktop","Agent3360",1271,0,0
"subj023",3,4,"ink_naming_cong","yellow","yellow",1121,"211.125.77.171",-30.6194006558508,169.401384852827,"Chrome","Windows","646x98","Desktop","Agent8350",4993,0,0
"subj023",3,5,"ink_naming_incong","yellow","yellow",2083,"211.7.251.204",-69.4457585318014,-99.6199580468237,"Chrome","Windows","349x289","Desktop","Agent9352",7507,0,0
"subj023",3,6,"ink_naming_incong","green","green",1025,"197.38.137.64",-56.7638317868114,-75.5847488623112,"Chrome","Windows","980x368","Desktop","Agent3590",4718,0,0
"subj023",3,7,"word_reading_cong","green","green",794,"213.72.196.12",66.9335545459762,138.777724597603,"Chrome","Windows","1010x143","Desktop","Agent1951",3346,0,0
"subj023",3,8,"word_reading_incong","blue","blue",665,"197.107.255.87",-70.9673127159476,-20.8956748992205,"Chrome","Windows","436x560","Desktop","Agent6799",1478,0,0
"subj023",3,9,"ink_naming_incong","red","red",1290,"210.249.86.34",-22.6808064104989,131.872869757935,"Chrome","Windows","50x7","Desktop","Agent3714",7519,0,0
"subj023",3,10,"ink_naming_cong","green","green",1160,"223.0.170.232",-85.7511901902035,-133.586543826386,"Chrome","Windows","336x337","Desktop","Agent8815",2567,0,0
"subj023",3,11,"word_reading_cong","yellow","yellow",80,"207.208.126.82",26.0029818629846,22.0888730976731,"Chrome","Windows","222x709","Desktop","Agent5531",3776,0,0
"subj023",3,12,"word_reading_cong","red","red",559,"212.106.80.174",-74.8639263957739,-58.6532717663795,"Chrome","Windows","854x360","Desktop","Agent9913",3919,0,0
"subj023",3,13,"word_reading_cong","blue","blue",766,"207.68.120.68",-1.91937552765012,43.9691683184355,"Chrome","Windows","690x604","Desktop","Agent7657",3138,0,0
"subj023",3,14,"word_reading_incong","green","green",809,"215.58.125.171",-87.6786889554933,-131.690367143601,"Chrome","Windows","109x468","Desktop","Agent8423",7354,0,0
"subj023",3,15,"word_reading_incong","blue","blue",841,"211.188.110.119",-41.8812881642953,68.8030447997153,"Chrome","Windows","189x512","Desktop","Agent1679",1549,0,0
"subj023",3,16,"ink_naming_cong","green","green",1113,"193.222.250.5",-59.5015431661159,-33.3132859133184,"Chrome","Windows","582x416","Desktop","Agent5551",5959,0,0
"subj023",3,17,"ink_naming_cong","red","red",1084,"195.216.103.16",-74.7085253242403,-65.6187181267887,"Chrome","Windows","767x637","Desktop","Agent1322",1526,0,0
"subj023",3,18,"ink_naming_incong","blue","blue",1107,"209.125.162.118",77.4717373028398,4.10273440182209,"Chrome","Windows","124x71","Desktop","Agent3490",165,0,0
"subj023",3,19,"ink_naming_cong","green","green",954,"200.180.252.152",33.977600815706,171.93253705278,"Chrome","Windows","381x699","Desktop","Agent7039",990,0,0
"subj023",3,20,"word_reading_cong","yellow","yellow",39,"221.112.8.183",-68.4958727750927,-174.131821710616,"Chrome","Windows","199x648","Desktop","Agent8936",7737,0,0
"subj023",3,21,"word_reading_incong","yellow","yellow",682,"196.211.217.109",-15.2689224947244,-131.448047412559,"Chrome","Windows","325x107","Desktop","Agent1874",9309,0,0
"subj023",3,22,"ink_naming_cong","yellow","yellow",1180,"196.12.227.127",22.0916150696576,63.258886244148,"Chrome","Windows","889x246","Desktop","Agent8805",2230,0,0
"subj023",3,23,"word_reading_cong","red","red",524,"205.112.180.42",-24.5891594840214,115.704715400934,"Chrome","Windows","440x488","Desktop","Agent3114",5203,0,0
"subj023",3,24,"ink_naming_cong","red","red",780,"207.171.37.68",13.7324097147211,-160.003690654412,"Chrome","Windows","864x480","Desktop","Agent6843",4591,0,0
"subj023",3,25,"ink_naming_incong","blue","blue",1062,"215.68.105.2",-25.6947765592486,65.5677547305822,"Chrome","Windows","952x498","Desktop","Agent3474",6282,0,0
"subj023",3,26,"word_reading_cong","yellow","yellow",757,"196.196.203.199",80.6477714655921,88.4549733437598,"Chrome","Windows","435x740","Desktop","Agent8024",1038,0,0
"subj023",3,27,"word_reading_cong","blue","blue",665,"199.156.18.128",-32.2802031878382,109.90162150003,"Chrome","Windows","183x180","Desktop","Agent6889",5184,0,0
"subj023",3,28,"ink_naming_cong","blue","blue",914,"204.86.194.12",39.0359627874568,-176.843864517286,"Chrome","Windows","485x372","Desktop","Agent5249",7654,0,0
"subj023",3,29,"word_reading_incong","blue","blue",850,"205.201.49.116",49.0323596494272,-125.274120848626,"Chrome","Windows","520x179","Desktop","Agent9081",4334,0,0
"subj023",3,30,"ink_naming_cong","green","green",863,"197.92.146.147",7.59995156899095,13.6107282433659,"Chrome","Windows","595x51","Desktop","Agent3385",6661,0,0
"subj023",3,31,"ink_naming_incong","red","red",1203,"209.34.34.217",-72.3842141451314,115.553435878828,"Chrome","Windows","219x39","Desktop","Agent2489",3189,0,0
"subj023",3,32,"word_reading_cong","blue","blue",4547,"214.235.230.213",-83.2071525324136,76.3767377100885,"Chrome","Windows","742x562","Desktop","Agent9756",4558,0,0
"subj023",3,33,"ink_naming_incong","green","yellow",971,"217.15.144.5",71.9427122734487,100.934393266216,"Chrome","Windows","255x677","Desktop","Agent4596",212,0,0
"subj023",3,34,"ink_naming_incong","yellow","yellow",1095,"217.117.222.119",-37.8389811655506,179.76675728336,"Chrome","Windows","296x245","Desktop","Agent6112",9806,0,0
"subj023",3,35,"word_reading_cong","green","green",815,"222.139.30.253",-6.55463428236544,9.59010556340218,"Chrome","Windows","816x506","Desktop","Agent8732",2931,0,0
"subj023",3,36,"ink_naming_incong","yellow","yellow",1162,"211.203.66.140",61.2819258263335,-78.8579254690558,"Chrome","Windows","706x589","Desktop","Agent9927",5353,0,0
"subj023",3,37,"word_reading_incong","yellow","yellow",618,"195.14.61.146",-87.8412992600352,23.9984265435487,"Chrome","Windows","889x746","Desktop","Agent2045",269,0,0
"subj023",3,38,"word_reading_cong","green","green",766,"205.103.227.171",30.7088703894988,134.454931374639,"Chrome","Windows","529x170","Desktop","Agent6060",3508,0,0
"subj023",3,39,"ink_naming_incong","red","red",1157,"217.246.148.161",12.6358499983326,-71.6646378580481,"Chrome","Windows","413x649","Desktop","Agent2772",3565,0,0
"subj023",3,40,"ink_naming_cong","red","red",897,"192.144.114.250",-80.9782077139243,39.4687526766211,"Chrome","Windows","841x593","Desktop","Agent4404",7435,0,0
"subj023",3,41,"word_reading_cong","yellow","yellow",381,"214.76.158.176",-69.4620067672804,-45.8425764832646,"Chrome","Windows","365x568","Desktop","Agent9165",2960,0,0
"subj023",3,42,"ink_naming_incong","green",NA,NA,"213.152.156.101",72.4714384507388,109.948532748967,"Chrome","Windows","532x473","Desktop","Agent1128",2269,0,0
"subj023",3,43,"ink_naming_cong","blue","blue",1082,"193.60.242.83",-1.88047997653484,37.8414494264871,"Chrome","Windows","173x564","Desktop","Agent7516",3159,0,0
"subj023",3,44,"ink_naming_cong","red","red",1028,"194.18.72.19",73.6009089136496,54.7480870038271,"Chrome","Windows","801x656","Desktop","Agent8886",7595,0,0
"subj023",3,45,"word_reading_cong","blue","blue",894,"223.62.178.172",-5.03482453990728,167.519281804562,"Chrome","Windows","798x704","Desktop","Agent6058",2595,0,0
"subj023",3,46,"ink_naming_incong","yellow","yellow",1042,"198.15.19.143",44.4430200615898,-28.8959967903793,"Chrome","Windows","463x253","Desktop","Agent6282",9630,0,0
"subj023",3,47,"ink_naming_cong","blue","blue",1055,"216.57.116.85",57.9343558475375,172.339157005772,"Chrome","Windows","524x323","Desktop","Agent7206",7901,0,0
"subj023",3,48,"ink_naming_cong","blue","blue",1085,"199.25.150.15",52.6463927188888,27.2367015760392,"Chrome","Windows","376x321","Desktop","Agent3218",3108,0,0
"subj023",3,49,"ink_naming_cong","green","green",967,"196.224.133.44",42.1709531592205,22.5529618933797,"Chrome","Windows","853x86","Desktop","Agent7772",3585,0,0
"subj023",3,50,"word_reading_incong","green","green",691,"202.214.141.158",78.8512657536194,-177.70127126947,"Chrome","Windows","311x686","Desktop","Agent7821",2562,0,0
"subj023",4,1,"ink_naming_incong","red","red",1013,"201.166.133.101",-17.5308146467432,137.046150220558,"Chrome","Windows","937x286","Desktop","Agent9781",9849,0,0
"subj023",4,2,"ink_naming_incong","green","green",1126,"218.66.90.155",58.1917542032897,31.7993788328022,"Chrome","Windows","833x250","Desktop","Agent1639",2293,0,0
"subj023",4,3,"ink_naming_cong","green","green",1093,"198.214.171.125",74.83717312105,-132.680167481303,"Chrome","Windows","679x556","Desktop","Agent6679",4110,0,0
"subj023",4,4,"ink_naming_incong","blue","blue",1315,"211.195.170.236",-46.5485416073352,126.877421429381,"Chrome","Windows","768x172","Desktop","Agent3300",2840,0,0
"subj023",4,5,"word_reading_incong","blue","blue",803,"206.91.218.214",38.1736439885572,136.685405345634,"Chrome","Windows","944x717","Desktop","Agent7674",9383,0,0
"subj023",4,6,"ink_naming_cong","green","green",1032,"206.237.223.142",24.3601536517963,-126.984329419211,"Chrome","Windows","572x496","Desktop","Agent9435",9956,0,0
"subj023",4,7,"word_reading_cong","blue","blue",635,"219.227.68.86",33.4022319875658,-71.8414295464754,"Chrome","Windows","634x105","Desktop","Agent1152",1396,0,0
"subj023",4,8,"word_reading_incong","green","green",697,"202.162.87.119",-3.00920482724905,-58.0462493095547,"Chrome","Windows","942x563","Desktop","Agent2755",2108,0,0
"subj023",4,9,"word_reading_cong","green","green",793,"221.70.83.43",65.7077746745199,-16.570363920182,"Chrome","Windows","735x479","Desktop","Agent2089",6052,0,0
"subj023",4,10,"ink_naming_cong","blue","blue",1014,"195.121.188.49",64.9067933438346,65.5667671747506,"Chrome","Windows","670x256","Desktop","Agent3490",2768,0,0
"subj023",4,11,"ink_naming_cong","red","red",982,"219.123.13.105",-75.3202696423978,102.902207644656,"Chrome","Windows","111x142","Desktop","Agent3566",9957,0,0
"subj023",4,12,"ink_naming_incong","red","red",1167,"222.103.222.235",-69.9919279525056,-167.16840159148,"Chrome","Windows","645x378","Desktop","Agent1187",1337,0,0
"subj023",4,13,"ink_naming_incong","red","red",1183,"215.234.227.108",-86.3474287837744,-11.4036225993186,"Chrome","Windows","161x459","Desktop","Agent4858",153,0,0
"subj023",4,14,"word_reading_incong","blue","blue",733,"200.14.33.183",-48.6373340059072,169.259780980647,"Chrome","Windows","65x511","Desktop","Agent9467",3269,0,0
"subj023",4,15,"ink_naming_cong","green","green",879,"198.131.86.48",-68.3782935747877,53.6056273151189,"Chrome","Windows","776x714","Desktop","Agent4768",7179,0,0
"subj023",4,16,"ink_naming_cong","blue","blue",998,"205.206.185.69",-75.5121520254761,120.077751260251,"Chrome","Windows","438x501","Desktop","Agent6148",5171,0,0
"subj023",4,17,"ink_naming_cong","red","red",1239,"209.109.214.133",24.2674998845905,179.127217233181,"Chrome","Windows","207x696","Desktop","Agent6705",6246,0,0
"subj023",4,18,"ink_naming_cong","blue","blue",929,"217.90.183.130",-6.18385555688292,-151.101678488776,"Chrome","Windows","613x72","Desktop","Agent8059",9371,0,0
"subj023",4,19,"word_reading_incong","green","green",752,"197.224.218.157",-7.80050079803914,32.0069904439151,"Chrome","Windows","548x55","Desktop","Agent8992",9069,0,0
"subj023",4,20,"word_reading_incong","blue","blue",662,"222.224.119.237",-58.0052856914699,174.72846343182,"Chrome","Windows","773x118","Desktop","Agent5371",7081,0,0
"subj023",4,21,"ink_naming_incong","yellow","yellow",1197,"215.61.70.171",-63.1209113588557,-90.0246363412589,"Chrome","Windows","498x380","Desktop","Agent1297",1606,0,0
"subj023",4,22,"ink_naming_incong","yellow",NA,NA,"220.57.7.105",43.480472266674,69.4716684613377,"Chrome","Windows","503x683","Desktop","Agent8128",9448,0,0
"subj023",4,23,"ink_naming_cong","yellow","yellow",912,"206.207.68.143",-43.492475906387,167.459320183843,"Chrome","Windows","711x673","Desktop","Agent3647",6719,0,0
"subj023",4,24,"word_reading_incong","yellow","yellow",775,"198.167.80.236",-53.9968101074919,14.9704386480153,"Chrome","Windows","845x766","Desktop","Agent5570",4343,0,0
"subj023",4,25,"word_reading_cong","yellow","yellow",879,"202.163.150.233",-53.2467678654939,83.9004422910511,"Chrome","Windows","958x460","Desktop","Agent9275",1448,0,0
"subj023",4,26,"word_reading_cong","red",NA,NA,"219.163.229.126",-74.357477305457,109.048972986639,"Chrome","Windows","842x117","Desktop","Agent1951",1588,0,0
"subj023",4,27,"word_reading_incong","green","green",810,"219.229.99.185",55.3777825087309,129.085586378351,"Chrome","Windows","855x190","Desktop","Agent1356",4574,0,0
"subj023",4,28,"ink_naming_cong","red","red",907,"204.214.178.187",51.0935599543154,-163.587438901886,"Chrome","Windows","461x15","Desktop","Agent9424",7729,0,0
"subj023",4,29,"word_reading_incong","green","green",560,"220.173.209.131",-88.1138827325776,1.23845578171313,"Chrome","Windows","322x280","Desktop","Agent8263",1623,0,0
"subj023",4,30,"ink_naming_cong","yellow","yellow",930,"212.138.190.245",23.3681579260156,122.76364127174,"Chrome","Windows","896x737","Desktop","Agent4214",9962,0,0
"subj023",4,31,"ink_naming_incong","red","red",1237,"214.235.99.74",-7.09281834773719,-73.3649639971554,"Chrome","Windows","162x724","Desktop","Agent1183",295,0,0
"subj023",4,32,"word_reading_incong","yellow","yellow",648,"202.172.45.108",46.0241212137043,-116.320835324004,"Chrome","Windows","623x5","Desktop","Agent9143",5479,0,0
"subj023",4,33,"word_reading_incong","blue","blue",782,"200.255.46.178",-69.3498458806425,-137.299135923386,"Chrome","Windows","800x407","Desktop","Agent9229",1121,0,0
"subj023",4,34,"word_reading_cong","green","blue",849,"202.50.150.103",38.9830811927095,-151.11818681471,"Chrome","Windows","470x351","Desktop","Agent4694",1732,0,0
"subj023",4,35,"word_reading_incong","red","red",689,"223.159.7.98",-60.1616206811741,-56.1884422134608,"Chrome","Windows","604x255","Desktop","Agent9147",5280,0,0
"subj023",4,36,"ink_naming_cong","green","green",962,"200.177.192.117",-43.4514222247526,-172.435512263328,"Chrome","Windows","393x284","Desktop","Agent4101",9850,0,0
"subj023",4,37,"word_reading_cong","red","red",570,"202.209.218.146",69.7406435245648,40.4828560911119,"Chrome","Windows","991x45","Desktop","Agent2693",7657,0,0
"subj023",4,38,"word_reading_cong","green","green",747,"195.107.113.14",-84.5498820813373,36.7783802747726,"Chrome","Windows","712x720","Desktop","Agent2285",2104,0,0
"subj023",4,39,"ink_naming_incong","blue","blue",1137,"209.77.119.45",0.859183548018336,39.8070183768868,"Chrome","Windows","727x203","Desktop","Agent9221",8315,0,0
"subj023",4,40,"ink_naming_incong","green","green",1300,"198.184.58.29",5.8278207667172,157.159283347428,"Chrome","Windows","569x483","Desktop","Agent2842",379,0,0
"subj023",4,41,"word_reading_incong","red",NA,NA,"207.1.240.10",-25.3547364100814,-166.75724719651,"Chrome","Windows","365x289","Desktop","Agent6091",5441,0,0
"subj023",4,42,"word_reading_incong","blue","blue",816,"197.14.162.124",49.6858271537349,14.0234236512333,"Chrome","Windows","604x535","Desktop","Agent1633",6854,0,0
"subj023",4,43,"word_reading_cong","blue","blue",5230,"208.40.176.230",-14.3722907826304,-150.250918501988,"Chrome","Windows","845x531","Desktop","Agent4859",2725,0,0
"subj023",4,44,"ink_naming_cong","yellow","yellow",987,"202.61.132.155",31.6989018162712,174.511037534103,"Chrome","Windows","514x182","Desktop","Agent9781",7371,0,0
"subj023",4,45,"ink_naming_cong","blue",NA,NA,"200.110.2.37",-9.12782109808177,175.003368146718,"Chrome","Windows","241x81","Desktop","Agent1901",3283,0,0
"subj023",4,46,"word_reading_cong","blue","blue",650,"195.164.12.193",-13.099311911501,-114.821236990392,"Chrome","Windows","484x193","Desktop","Agent7122",9783,0,0
"subj023",4,47,"word_reading_cong","red","red",849,"201.161.247.247",26.5639934549108,-162.592662982643,"Chrome","Windows","821x99","Desktop","Agent8087",5577,0,0
"subj023",4,48,"word_reading_incong","green","green",586,"222.153.164.118",-3.67533298674971,-138.689208850265,"Chrome","Windows","723x365","Desktop","Agent1112",9579,0,0
"subj023",4,49,"word_reading_cong","green","green",696,"214.144.225.163",35.2748911455274,-120.373284425586,"Chrome","Windows","579x519","Desktop","Agent1916",7955,0,0
"subj023",4,50,"ink_naming_cong","blue","blue",927,"202.56.49.158",37.6258643623441,81.9817165285349,"Chrome","Windows","791x164","Desktop","Agent4729",1269,0,0
"subj023",5,1,"ink_naming_incong","red","red",1128,"216.62.177.58",-34.9533866951242,-1.37160298414528,"Chrome","Windows","520x14","Desktop","Agent9524",8543,0,0
"subj023",5,2,"ink_naming_incong","yellow","yellow",1082,"214.233.89.157",-5.71994244586676,-72.2705234773457,"Chrome","Windows","722x487","Desktop","Agent4497",4334,0,0
"subj023",5,3,"word_reading_cong","blue","blue",715,"218.165.254.101",21.2337348237634,-134.975677225739,"Chrome","Windows","796x130","Desktop","Agent5472",8408,0,0
"subj023",5,4,"word_reading_incong","yellow","yellow",726,"219.233.74.79",64.3379679741338,-110.60527112335,"Chrome","Windows","649x107","Desktop","Agent6550",3926,0,0
"subj023",5,5,"ink_naming_incong","blue","blue",1193,"221.246.72.163",-75.4565247707069,-96.3552092760801,"Chrome","Windows","473x232","Desktop","Agent7048",1897,0,0
"subj023",5,6,"ink_naming_cong","red","red",1105,"221.180.80.176",-85.7822962291539,-1.59554815851152,"Chrome","Windows","300x657","Desktop","Agent5527",797,0,0
"subj023",5,7,"ink_naming_incong","green","green",1286,"196.115.121.85",-25.4693725565448,53.0682900734246,"Chrome","Windows","664x455","Desktop","Agent2499",1851,0,0
"subj023",5,8,"ink_naming_incong","yellow","yellow",1036,"203.241.214.239",-77.2013622103259,-103.849484156817,"Chrome","Windows","869x15","Desktop","Agent5064",7031,0,0
"subj023",5,9,"word_reading_cong","green","green",810,"212.243.151.29",-80.9296625806019,-110.281126750633,"Chrome","Windows","335x82","Desktop","Agent5320",4685,0,0
"subj023",5,10,"word_reading_incong","blue","blue",834,"204.143.15.199",69.7996771847829,-10.431276736781,"Chrome","Windows","86x590","Desktop","Agent1269",633,0,0
"subj023",5,11,"word_reading_incong","blue","blue",739,"198.33.110.96",-30.9506359929219,52.4985153693706,"Chrome","Windows","665x638","Desktop","Agent9463",9105,0,0
"subj023",5,12,"word_reading_incong","blue","blue",707,"193.127.96.14",0.0441266968846321,103.419372411445,"Chrome","Windows","341x385","Desktop","Agent6043",1466,0,0
"subj023",5,13,"word_reading_incong","yellow","yellow",826,"210.255.87.65",75.8079315768555,174.063026485965,"Chrome","Windows","952x299","Desktop","Agent9734",7489,0,0
"subj023",5,14,"ink_naming_cong","blue","blue",1242,"208.121.242.215",72.2011526254937,94.7154889069498,"Chrome","Windows","295x428","Desktop","Agent4238",587,0,0
"subj023",5,15,"word_reading_cong","yellow","blue",626,"217.147.136.222",2.4199984408915,-56.1619499512017,"Chrome","Windows","204x734","Desktop","Agent8523",5319,0,0
"subj023",5,16,"ink_naming_incong","yellow","yellow",1130,"218.221.95.33",-63.3844719221815,-83.3462719246745,"Chrome","Windows","274x553","Desktop","Agent5092",8414,0,0
"subj023",5,17,"ink_naming_incong","red","red",1218,"192.40.100.74",-21.6456156363711,58.8354850374162,"Chrome","Windows","933x148","Desktop","Agent6680",5209,0,0
"subj023",5,18,"word_reading_cong","blue","blue",647,"219.239.188.245",-55.6232539191842,-56.9359529949725,"Chrome","Windows","1014x420","Desktop","Agent1448",2589,0,0
"subj023",5,19,"ink_naming_incong","red","red",1209,"220.4.138.54",17.5062319915742,8.71910990215838,"Chrome","Windows","722x240","Desktop","Agent1629",9434,0,0
"subj023",5,20,"ink_naming_incong","yellow","yellow",1032,"222.197.175.196",14.52696765773,-42.9160385113209,"Chrome","Windows","912x551","Desktop","Agent1426",1275,0,0
"subj023",5,21,"word_reading_cong","red",NA,NA,"222.131.33.187",51.994587094523,-173.113921880722,"Chrome","Windows","429x85","Desktop","Agent6842",4757,0,0
"subj023",5,22,"ink_naming_cong","red",NA,NA,"203.242.200.90",-45.7478419085965,-107.241867771372,"Chrome","Windows","308x40","Desktop","Agent8019",321,0,0
"subj023",5,23,"word_reading_cong","green","green",664,"204.160.48.19",-63.815225972794,-64.3025412317365,"Chrome","Windows","321x25","Desktop","Agent8758",7814,0,0
"subj023",5,24,"word_reading_cong","blue",NA,NA,"203.9.195.158",71.2902332888916,134.634641977027,"Chrome","Windows","824x76","Desktop","Agent4487",7195,0,0
"subj023",5,25,"word_reading_cong","red","red",751,"212.48.120.32",-17.8877523774281,64.5020479615778,"Chrome","Windows","995x331","Desktop","Agent8194",9830,0,0
"subj023",5,26,"ink_naming_cong","red","red",1205,"201.99.199.245",-11.694662226364,86.7602206673473,"Chrome","Windows","192x411","Desktop","Agent2149",876,0,0
"subj023",5,27,"ink_naming_incong","yellow","yellow",958,"204.69.55.225",70.3607909521088,60.2657219488174,"Chrome","Windows","202x201","Desktop","Agent3933",8874,0,0
"subj023",5,28,"word_reading_cong","green","green",597,"197.255.135.165",86.896298979409,137.702600006014,"Chrome","Windows","549x216","Desktop","Agent7030",6106,0,0
"subj023",5,29,"word_reading_cong","red","red",721,"208.247.31.164",-25.0945481378585,-50.5243838019669,"Chrome","Windows","996x452","Desktop","Agent7513",5794,0,0
"subj023",5,30,"ink_naming_incong","green","green",1181,"223.54.245.213",-12.8693254385144,-3.01811512559652,"Chrome","Windows","327x27","Desktop","Agent6283",7473,0,0
"subj023",5,31,"word_reading_cong","red","blue",616,"206.159.122.36",14.0308292722329,-95.0202562473714,"Chrome","Windows","341x525","Desktop","Agent1239",721,0,0
"subj023",5,32,"word_reading_cong","red","red",720,"199.51.109.84",-18.1173584796488,-86.4299596846104,"Chrome","Windows","773x404","Desktop","Agent6771",7884,0,0
"subj023",5,33,"word_reading_incong","red","red",620,"214.239.156.162",-64.2189622996375,7.99747162498534,"Chrome","Windows","174x202","Desktop","Agent6737",6707,0,0
"subj023",5,34,"word_reading_incong","green","green",761,"223.3.137.223",34.6388982748613,101.91173683852,"Chrome","Windows","59x14","Desktop","Agent7556",4818,0,0
"subj023",5,35,"ink_naming_incong","blue","blue",1136,"196.247.141.109",-62.6649619778618,-77.7798938658088,"Chrome","Windows","457x280","Desktop","Agent1584",591,0,0
"subj023",5,36,"ink_naming_incong","red","red",1032,"214.109.73.237",19.9663016712293,-47.7474179584533,"Chrome","Windows","1011x740","Desktop","Agent1625",5464,0,0
"subj023",5,37,"ink_naming_cong","red","red",1011,"202.103.231.169",10.2038164855912,-140.571983372793,"Chrome","Windows","452x596","Desktop","Agent6119",7321,0,0
"subj023",5,38,"ink_naming_incong","red","red",1095,"197.197.196.95",-8.4220395796001,-61.4350221678615,"Chrome","Windows","248x488","Desktop","Agent5144",2382,0,0
"subj023",5,39,"ink_naming_cong","blue",NA,NA,"196.96.176.141",82.789679733105,168.872922705486,"Chrome","Windows","1013x398","Desktop","Agent4995",1320,0,0
"subj023",5,40,"ink_naming_cong","green","green",936,"205.81.4.117",22.4362390302122,18.7698038946837,"Chrome","Windows","704x525","Desktop","Agent7555",55,0,0
"subj023",5,41,"ink_naming_incong","blue",NA,NA,"201.170.82.86",18.7422839691862,92.2607067413628,"Chrome","Windows","949x146","Desktop","Agent6994",1177,0,0
"subj023",5,42,"word_reading_cong","red","red",809,"217.243.62.162",70.6451442930847,61.6605546232313,"Chrome","Windows","39x619","Desktop","Agent9953",2279,0,0
"subj023",5,43,"ink_naming_cong","yellow","yellow",971,"197.23.196.74",55.8845115546137,89.3812167271972,"Chrome","Windows","335x363","Desktop","Agent5932",166,0,0
"subj023",5,44,"word_reading_incong","blue","blue",683,"201.61.97.86",57.2775742225349,-69.1984402947128,"Chrome","Windows","263x217","Desktop","Agent2051",5174,0,0
"subj023",5,45,"word_reading_cong","green","green",645,"203.74.68.189",-62.5022613164037,87.1626791730523,"Chrome","Windows","131x143","Desktop","Agent9461",3247,0,0
"subj023",5,46,"ink_naming_cong","blue",NA,NA,"208.62.114.231",-89.6150300418958,-109.20382026583,"Chrome","Windows","21x240","Desktop","Agent2783",3376,0,0
"subj023",5,47,"word_reading_cong","green","green",680,"209.140.178.163",59.651414109394,-97.6777870953083,"Chrome","Windows","297x245","Desktop","Agent1655",3779,0,0
"subj023",5,48,"word_reading_cong","green","green",667,"198.43.135.0",-62.4597656121477,162.142595769837,"Chrome","Windows","962x173","Desktop","Agent1614",2801,0,0
"subj023",5,49,"word_reading_cong","blue","blue",3980,"213.40.139.27",-30.9087215317413,141.410279804841,"Chrome","Windows","277x620","Desktop","Agent5805",5346,0,0
"subj023",5,50,"ink_naming_incong","red","red",1161,"211.80.17.71",-10.8037962159142,-7.81452518887818,"Chrome","Windows","487x364","Desktop","Agent8721",1000,0,0
"subj023",6,1,"word_reading_incong","red","red",785,"194.184.152.17",57.7117753308266,-77.0826377905905,"Chrome","Windows","254x228","Desktop","Agent3746",5074,0,0
"subj023",6,2,"word_reading_incong","blue",NA,NA,"208.46.117.115",-42.8868821449578,134.095810158178,"Chrome","Windows","89x638","Desktop","Agent8716",5255,0,0
"subj023",6,3,"ink_naming_incong","blue","blue",1044,"202.98.244.242",59.2026654118672,-32.2397554758936,"Chrome","Windows","299x612","Desktop","Agent4302",826,0,0
"subj023",6,4,"word_reading_cong","blue","blue",843,"215.54.43.122",37.0825827587396,76.5586343966424,"Chrome","Windows","702x261","Desktop","Agent6698",8152,0,0
"subj023",6,5,"word_reading_incong","green","green",580,"210.196.240.183",-44.1174014378339,-88.3792640548199,"Chrome","Windows","49x578","Desktop","Agent9080",973,0,0
"subj023",6,6,"word_reading_incong","green","green",620,"204.247.111.170",33.7633540062234,76.1155115906149,"Chrome","Windows","51x136","Desktop","Agent8038",7674,0,0
"subj023",6,7,"word_reading_cong","yellow","yellow",695,"201.61.59.231",56.7923961393535,136.032946771011,"Chrome","Windows","116x385","Desktop","Agent4294",7836,0,0
"subj023",6,8,"ink_naming_cong","blue","blue",926,"213.106.128.143",-21.1899609630927,-117.097541280091,"Chrome","Windows","785x586","Desktop","Agent5136",3452,0,0
"subj023",6,9,"word_reading_cong","green","green",527,"206.246.232.33",75.6301715271547,11.4214768074453,"Chrome","Windows","216x76","Desktop","Agent7310",2181,0,0
"subj023",6,10,"word_reading_cong","yellow","yellow",736,"221.198.39.107",78.6598842730746,-47.8138735424727,"Chrome","Windows","207x702","Desktop","Agent5554",6904,0,0
"subj023",6,11,"word_reading_incong","red","red",810,"204.114.229.130",-4.19030010234565,-63.6292608361691,"Chrome","Windows","181x49","Desktop","Agent8959",548,0,0
"subj023",6,12,"word_reading_incong","green","green",5958,"210.67.107.164",80.5464214738458,8.40073898434639,"Chrome","Windows","2x708","Desktop","Agent4529",1648,0,0
"subj023",6,13,"ink_naming_cong","red","red",1024,"198.73.73.169",-81.7939068702981,-50.2343997079879,"Chrome","Windows","352x313","Desktop","Agent1084",3983,0,0
"subj023",6,14,"word_reading_incong","yellow","yellow",509,"217.81.149.142",-37.3536290321499,49.9700420256704,"Chrome","Windows","899x122","Desktop","Agent9049",4087,0,0
"subj023",6,15,"word_reading_cong","red","red",667,"218.20.120.96",0.410118098370731,-152.958657788113,"Chrome","Windows","245x587","Desktop","Agent1870",4118,0,0
"subj023",6,16,"ink_naming_incong","yellow","yellow",1278,"221.194.163.148",-9.30935954209417,-98.6182908620685,"Chrome","Windows","227x327","Desktop","Agent2996",7652,0,0
"subj023",6,17,"word_reading_cong","yellow","yellow",652,"198.40.115.212",21.3861013110727,-98.0697842314839,"Chrome","Windows","160x328","Desktop","Agent8844",4541,0,0
"subj023",6,18,"ink_naming_incong","green","green",1082,"196.110.128.28",53.2424575136974,84.5610233489424,"Chrome","Windows","882x121","Desktop","Agent9482",4308,0,0
"subj023",6,19,"word_reading_incong","yellow","yellow",841,"223.121.111.68",22.7157392073423,-147.981286207214,"Chrome","Windows","246x660","Desktop","Agent7456",2234,0,0
"subj023",6,20,"word_reading_cong","green",NA,NA,"198.111.133.141",66.400420954451,-1.31057166494429,"Chrome","Windows","835x243","Desktop","Agent8351",4362,0,0
"subj023",6,21,"ink_naming_cong","blue","blue",990,"220.201.27.206",-59.5178471831605,179.398828111589,"Chrome","Windows","997x192","Desktop","Agent8292",5766,0,0
"subj023",6,22,"ink_naming_incong","green","green",1136,"216.68.36.185",-66.8978814175352,-33.4301763307303,"Chrome","Windows","169x600","Desktop","Agent7864",1158,0,0
"subj023",6,23,"ink_naming_cong","yellow","yellow",1132,"200.22.203.179",42.9382874350995,-48.8637399394065,"Chrome","Windows","1006x691","Desktop","Agent3343",9262,0,0
"subj023",6,24,"ink_naming_incong","green","green",1047,"205.65.220.17",-34.1839469270781,-32.4132628832012,"Chrome","Windows","272x370","Desktop","Agent9570",4219,0,0
"subj023",6,25,"word_reading_cong","yellow",NA,NA,"202.252.95.53",-66.3163284631446,-58.8550474774092,"Chrome","Windows","893x263","Desktop","Agent8731",3135,0,0
"subj023",6,26,"ink_naming_incong","yellow","yellow",1080,"199.236.42.106",48.8312691589817,72.9032068792731,"Chrome","Windows","643x687","Desktop","Agent6261",7644,0,0
"subj023",6,27,"word_reading_cong","yellow","yellow",641,"196.187.28.105",29.93292898871,163.477713251486,"Chrome","Windows","80x307","Desktop","Agent2909",7073,0,0
"subj023",6,28,"ink_naming_cong","green","green",1088,"213.169.238.222",-43.8694748003036,-167.324389647692,"Chrome","Windows","531x152","Desktop","Agent5246",9055,0,0
"subj023",6,29,"word_reading_cong","blue","blue",772,"195.202.199.217",6.84073579497635,-51.4939469564706,"Chrome","Windows","846x575","Desktop","Agent9461",9972,0,0
"subj023",6,30,"word_reading_incong","red","red",894,"220.125.196.119",-49.0639494918287,1.645562723279,"Chrome","Windows","945x689","Desktop","Agent5422",4421,0,0
"subj023",6,31,"ink_naming_cong","green","green",901,"216.92.169.127",-17.4764378461987,32.9876042157412,"Chrome","Windows","731x582","Desktop","Agent6593",5535,0,0
"subj023",6,32,"word_reading_incong","blue","blue",701,"196.113.169.78",-26.022230819799,12.8312166966498,"Chrome","Windows","122x339","Desktop","Agent6430",969,0,0
"subj023",6,33,"word_reading_cong","red","red",718,"200.145.74.166",-15.6695040408522,-120.512916119769,"Chrome","Windows","274x219","Desktop","Agent9515",4974,0,0
"subj023",6,34,"word_reading_incong","red","red",461,"194.182.242.82",-27.932153781876,-4.61839579045773,"Chrome","Windows","955x551","Desktop","Agent1570",4684,0,0
"subj023",6,35,"word_reading_incong","green","green",702,"204.30.74.243",-59.5401869667694,152.777845049277,"Chrome","Windows","59x48","Desktop","Agent6409",9091,0,0
"subj023",6,36,"word_reading_cong","green","green",642,"193.137.173.223",52.9180752206594,-65.6068514473736,"Chrome","Windows","531x710","Desktop","Agent9983",7964,0,0
"subj023",6,37,"ink_naming_incong","red","red",1083,"220.223.200.238",37.9604079946876,-25.6682040821761,"Chrome","Windows","558x325","Desktop","Agent7400",4393,0,0
"subj023",6,38,"word_reading_cong","red","red",918,"209.107.251.84",62.9523668764159,30.7125267013907,"Chrome","Windows","273x389","Desktop","Agent8927",8958,0,0
"subj023",6,39,"word_reading_cong","red","red",791,"208.169.228.4",-16.693701823242,-31.9490716606379,"Chrome","Windows","506x385","Desktop","Agent5803",9054,0,0
"subj023",6,40,"word_reading_cong","yellow","yellow",632,"205.100.135.150",-43.0968622304499,7.4118360131979,"Chrome","Windows","149x689","Desktop","Agent8841",3735,0,0
"subj023",6,41,"ink_naming_incong","red","red",1154,"223.237.85.142",70.5181103898212,-56.5711688809097,"Chrome","Windows","675x565","Desktop","Agent1111",1819,0,0
"subj023",6,42,"ink_naming_incong","green","green",1106,"211.85.194.85",18.2571278046817,-91.5787808317691,"Chrome","Windows","811x559","Desktop","Agent8707",7370,0,0
"subj023",6,43,"word_reading_cong","green","green",691,"211.58.255.178",87.896699658595,-140.388882625848,"Chrome","Windows","183x715","Desktop","Agent1167",541,0,0
"subj023",6,44,"word_reading_incong","red","red",769,"201.35.230.244",55.7349718222395,125.446780510247,"Chrome","Windows","261x255","Desktop","Agent3441",8688,0,0
"subj023",6,45,"word_reading_cong","green","green",707,"220.243.132.65",-27.3143560113385,-55.6334374286234,"Chrome","Windows","438x528","Desktop","Agent6999",6784,0,0
"subj023",6,46,"word_reading_cong","blue","blue",841,"197.226.120.136",25.7391238678247,-171.652433462441,"Chrome","Windows","938x447","Desktop","Agent4664",6404,0,0
"subj023",6,47,"word_reading_cong","green","green",670,"194.85.25.74",80.0978224771097,120.56286463514,"Chrome","Windows","167x662","Desktop","Agent6410",1116,0,0
"subj023",6,48,"word_reading_cong","blue","blue",645,"210.111.106.122",36.7302756523713,-131.841604923829,"Chrome","Windows","526x199","Desktop","Agent6984",4142,0,0
"subj023",6,49,"word_reading_incong","red","red",820,"213.94.246.100",-58.0562974512577,-171.46029073745,"Chrome","Windows","816x434","Desktop","Agent6434",4419,0,0
"subj023",6,50,"ink_naming_cong","red","red",1057,"208.138.178.0",16.8792313942686,-179.114613952115,"Chrome","Windows","225x168","Desktop","Agent1057",4796,0,0
"subj023",7,1,"word_reading_cong","green","green",628,"196.16.253.215",24.0040238946676,176.100436812267,"Chrome","Windows","958x726","Desktop","Agent3006",3033,0,0
"subj023",7,2,"ink_naming_incong","yellow","yellow",1074,"214.52.248.18",84.8285749973729,107.690857658163,"Chrome","Windows","659x473","Desktop","Agent5807",8516,0,0
"subj023",7,3,"word_reading_cong","blue","blue",658,"209.36.70.93",-40.2974594570696,-101.710435207933,"Chrome","Windows","43x63","Desktop","Agent7744",4540,0,0
"subj023",7,4,"word_reading_incong","yellow","yellow",728,"214.64.232.93",76.4299016492441,55.2679309621453,"Chrome","Windows","364x75","Desktop","Agent8026",1916,0,0
"subj023",7,5,"word_reading_cong","blue","blue",724,"192.12.68.94",-15.365896797739,74.9646846670657,"Chrome","Windows","869x364","Desktop","Agent3897",224,0,0
"subj023",7,6,"word_reading_incong","blue","blue",823,"216.151.68.56",68.4056245721877,168.394414773211,"Chrome","Windows","580x652","Desktop","Agent5193",6333,0,0
"subj023",7,7,"ink_naming_incong","blue","blue",1196,"223.110.181.109",85.296797035262,24.2930976301432,"Chrome","Windows","63x458","Desktop","Agent1512",6880,0,0
"subj023",7,8,"ink_naming_incong","red","red",1125,"221.224.166.39",-31.8372841877863,109.357067439705,"Chrome","Windows","296x82","Desktop","Agent8471",4999,0,0
"subj023",7,9,"word_reading_cong","green","green",613,"208.136.60.117",-55.7590192509815,111.597497435287,"Chrome","Windows","605x194","Desktop","Agent3378",6802,0,0
"subj023",7,10,"word_reading_incong","blue","blue",594,"201.81.138.151",-51.5310779912397,-98.6965122073889,"Chrome","Windows","483x263","Desktop","Agent7247",2342,0,0
"subj023",7,11,"ink_naming_incong","green","green",1154,"199.210.122.46",-52.055436023511,72.1512591373175,"Chrome","Windows","286x711","Desktop","Agent4543",4172,0,0
"subj023",7,12,"ink_naming_incong","blue","blue",1092,"200.244.35.81",44.1533489897847,-76.0700597986579,"Chrome","Windows","229x626","Desktop","Agent5089",1772,0,0
"subj023",7,13,"word_reading_incong","blue","blue",719,"219.76.29.121",60.925781945698,-127.921330723912,"Chrome","Windows","969x562","Desktop","Agent6143",1584,0,0
"subj023",7,14,"ink_naming_incong","blue","blue",1198,"200.7.105.181",-68.2415130687878,-131.186502110213,"Chrome","Windows","313x434","Desktop","Agent3999",2159,0,0
"subj023",7,15,"word_reading_cong","green","green",650,"196.70.180.250",39.4867453118786,-132.927038501948,"Chrome","Windows","524x539","Desktop","Agent9914",3401,0,0
"subj023",7,16,"word_reading_cong","red",NA,NA,"203.192.93.225",49.2961571272463,22.9169858526438,"Chrome","Windows","961x583","Desktop","Agent6660",1832,0,0
"subj023",7,17,"word_reading_cong","red","red",643,"195.7.227.196",33.4571775002405,-135.955259101465,"Chrome","Windows","84x562","Desktop","Agent4085",561,0,0
"subj023",7,18,"word_reading_cong","yellow","yellow",730,"195.8.177.64",76.7013370525092,124.545281594619,"Chrome","Windows","547x347","Desktop","Agent2270",8293,0,0
"subj023",7,19,"ink_naming_incong","yellow","yellow",1170,"192.12.252.193",57.5388368032873,46.0848048515618,"Chrome","Windows","439x110","Desktop","Agent7299",4781,0,0
"subj023",7,20,"ink_naming_cong","yellow","yellow",1141,"202.161.91.199",69.3606728687882,-151.219983436167,"Chrome","Windows","426x640","Desktop","Agent5353",6465,0,0
"subj023",7,21,"ink_naming_cong","blue","blue",994,"220.116.199.164",25.9588769171387,32.8081452380866,"Chrome","Windows","174x20","Desktop","Agent6976",3463,0,0
"subj023",7,22,"ink_naming_cong","green","green",978,"194.207.156.35",-79.218693645671,-17.1903420332819,"Chrome","Windows","439x673","Desktop","Agent8576",1490,0,0
"subj023",7,23,"word_reading_incong","red","red",646,"220.71.147.159",18.0175548233092,178.995487242937,"Chrome","Windows","82x644","Desktop","Agent1343",3164,0,0
"subj023",7,24,"word_reading_incong","red","red",775,"204.235.111.196",66.677792253904,-61.1687524057925,"Chrome","Windows","664x497","Desktop","Agent1411",3224,0,0
"subj023",7,25,"word_reading_cong","red","red",588,"221.190.65.157",-30.4265970177948,-131.608454827219,"Chrome","Windows","986x566","Desktop","Agent5446",7598,0,0
"subj023",7,26,"ink_naming_cong","blue","blue",1085,"214.72.158.206",-82.3768207523972,-96.7821769695729,"Chrome","Windows","473x294","Desktop","Agent5568",8210,0,0
"subj023",7,27,"ink_naming_cong","blue","blue",993,"209.180.116.151",76.9076177012175,-114.934985367581,"Chrome","Windows","466x603","Desktop","Agent2205",8544,0,0
"subj023",7,28,"word_reading_cong","yellow","yellow",729,"215.183.112.178",-28.6443855520338,-61.1611195933074,"Chrome","Windows","340x468","Desktop","Agent7971",1651,0,0
"subj023",7,29,"word_reading_cong","green","yellow",690,"211.190.249.27",35.9760991623625,-75.807149251923,"Chrome","Windows","1005x327","Desktop","Agent7866",1360,0,0
"subj023",7,30,"ink_naming_cong","red","red",943,"207.5.46.237",-35.1928582135588,101.185598066077,"Chrome","Windows","259x673","Desktop","Agent5474",5343,0,0
"subj023",7,31,"word_reading_incong","green","green",782,"216.138.217.70",71.8050691019744,-111.836484521627,"Chrome","Windows","48x25","Desktop","Agent6715",7645,0,0
"subj023",7,32,"word_reading_incong","green","green",629,"211.0.205.137",-54.6964538097382,-122.484202198684,"Chrome","Windows","482x206","Desktop","Agent2147",8356,0,0
"subj023",7,33,"word_reading_incong","blue","blue",2409,"211.171.195.24",-76.1833768012002,-124.47681427002,"Chrome","Windows","491x85","Desktop","Agent1475",420,0,0
"subj023",7,34,"ink_naming_incong","yellow","yellow",981,"220.43.130.145",46.9973760098219,-128.841302180663,"Chrome","Windows","556x630","Desktop","Agent4773",8211,0,0
"subj023",7,35,"ink_naming_cong","blue","blue",983,"223.102.195.64",11.1814851500094,79.9637980666012,"Chrome","Windows","99x744","Desktop","Agent3038",71,0,0
"subj023",7,36,"word_reading_incong","red","red",689,"198.74.213.244",79.1387245897204,-101.968833105639,"Chrome","Windows","683x351","Desktop","Agent1335",3696,0,0
"subj023",7,37,"ink_naming_incong","yellow","yellow",1198,"199.125.219.20",3.9211788168177,-45.5024962686002,"Chrome","Windows","367x84","Desktop","Agent4584",4620,0,0
"subj023",7,38,"ink_naming_cong","yellow","red",798,"197.85.176.234",-86.8073783023283,45.1129958499223,"Chrome","Windows","31x420","Desktop","Agent2904",22,0,0
"subj023",7,39,"ink_naming_cong","blue","blue",980,"194.93.109.12",1.52812664397061,-96.9069991819561,"Chrome","Windows","217x107","Desktop","Agent4259",1387,0,0
"subj023",7,40,"word_reading_cong","yellow","yellow",156,"222.28.22.101",3.96625233348459,-19.4265705998987,"Chrome","Windows","645x758","Desktop","Agent5476",3736,0,0
"subj023",7,41,"ink_naming_cong","green","green",975,"216.180.151.69",29.927031439729,-80.8272632583976,"Chrome","Windows","480x445","Desktop","Agent7268",6703,0,0
"subj023",7,42,"ink_naming_cong","yellow","yellow",1016,"193.44.222.253",-80.6794055644423,52.7769983187318,"Chrome","Windows","881x17","Desktop","Agent5683",6406,0,0
"subj023",7,43,"word_reading_cong","blue","blue",507,"206.151.27.207",68.3324715960771,-103.62819143571,"Chrome","Windows","926x35","Desktop","Agent2753",4998,0,0
"subj023",7,44,"word_reading_incong","blue","blue",789,"217.122.193.216",32.6824758248404,47.6507005188614,"Chrome","Windows","529x411","Desktop","Agent8917",331,0,0
"subj023",7,45,"word_reading_cong","green","green",880,"203.196.151.124",-43.1612788327038,-87.8446171525866,"Chrome","Windows","239x158","Desktop","Agent6185",7007,0,0
"subj023",7,46,"ink_naming_incong","yellow","yellow",1198,"221.0.8.70",-84.3477687053382,27.8251596260816,"Chrome","Windows","975x160","Desktop","Agent7605",8702,0,0
"subj023",7,47,"ink_naming_cong","red","red",1014,"218.163.48.156",89.4359548296779,-138.229945935309,"Chrome","Windows","602x437","Desktop","Agent1127",1127,0,0
"subj023",7,48,"ink_naming_cong","red","red",1040,"213.7.30.194",71.7197647131979,111.067863497883,"Chrome","Windows","265x41","Desktop","Agent7359",1001,0,0
"subj023",7,49,"word_reading_cong","green","green",771,"207.132.166.186",-46.6200112877414,-69.0646921098232,"Chrome","Windows","391x436","Desktop","Agent9094",1102,0,0
"subj023",7,50,"word_reading_incong","green","blue",915,"194.28.67.90",-1.59336777403951,99.9265221320093,"Chrome","Windows","966x712","Desktop","Agent1761",7637,0,0
"subj023",8,1,"word_reading_incong","yellow","yellow",743,"211.98.49.215",44.2016179813072,-111.876008547843,"Chrome","Windows","362x764","Desktop","Agent7546",7431,0,0
"subj023",8,2,"ink_naming_cong","red","red",1073,"219.94.87.236",17.3095494601876,-88.290990460664,"Chrome","Windows","742x138","Desktop","Agent9262",9572,0,0
"subj023",8,3,"word_reading_cong","blue","blue",734,"192.114.121.86",45.2373128011823,-154.962544944137,"Chrome","Windows","131x16","Desktop","Agent4360",7314,0,0
"subj023",8,4,"ink_naming_cong","yellow","red",956,"200.89.104.9",-27.9283933248371,-176.456632995978,"Chrome","Windows","536x677","Desktop","Agent2496",5178,0,0
"subj023",8,5,"word_reading_cong","green","green",761,"214.156.243.188",4.84196675475687,58.9057290740311,"Chrome","Windows","1013x255","Desktop","Agent5216",6126,0,0
"subj023",8,6,"ink_naming_incong","green","green",1258,"205.10.56.13",-28.3398561738431,-52.7684267330915,"Chrome","Windows","778x427","Desktop","Agent5712",7926,0,0
"subj023",8,7,"word_reading_cong","yellow","yellow",654,"195.229.132.36",-59.4406989729032,41.1611309275031,"Chrome","Windows","896x519","Desktop","Agent1772",9063,0,0
"subj023",8,8,"ink_naming_cong","yellow","yellow",1030,"203.3.240.204",32.7910861372948,145.273016598076,"Chrome","Windows","419x243","Desktop","Agent8677",2933,0,0
"subj023",8,9,"word_reading_cong","yellow","yellow",681,"215.42.30.119",16.7836933303624,101.249817777425,"Chrome","Windows","477x298","Desktop","Agent5908",7836,0,0
"subj023",8,10,"ink_naming_incong","blue","blue",1177,"213.249.19.208",5.80524960067123,-56.832690378651,"Chrome","Windows","155x634","Desktop","Agent6309",8361,0,0
"subj023",8,11,"word_reading_incong","yellow","yellow",631,"193.172.120.53",-59.6042733220384,152.230920754373,"Chrome","Windows","1003x182","Desktop","Agent4596",7886,0,0
"subj023",8,12,"word_reading_incong","green","green",736,"219.22.136.197",59.3733117403463,78.6746812239289,"Chrome","Windows","869x747","Desktop","Agent7289",1801,0,0
"subj023",8,13,"word_reading_incong","blue","blue",721,"206.143.155.149",27.7850095136091,168.770869681612,"Chrome","Windows","258x670","Desktop","Agent2434",9822,0,0
"subj023",8,14,"ink_naming_cong","red","red",901,"217.131.67.121",-83.9171217754483,-105.10707850568,"Chrome","Windows","701x619","Desktop","Agent2882",12,0,0
"subj023",8,15,"ink_naming_incong","red","red",1137,"203.201.125.202",-19.2954380717129,147.468314906582,"Chrome","Windows","796x466","Desktop","Agent2548",6845,0,0
"subj023",8,16,"ink_naming_incong","red","red",1178,"220.116.251.210",-56.1254854453728,163.943288577721,"Chrome","Windows","1009x759","Desktop","Agent4345",8439,0,0
"subj023",8,17,"ink_naming_incong","red","red",1085,"223.25.172.58",-22.8165974328294,101.496041463688,"Chrome","Windows","182x468","Desktop","Agent2261",6526,0,0
"subj023",8,18,"word_reading_cong","blue","blue",902,"223.95.216.83",-58.6630025692284,-33.7941919080913,"Chrome","Windows","372x106","Desktop","Agent8355",6276,0,0
"subj023",8,19,"ink_naming_incong","yellow","yellow",1240,"200.79.110.45",63.4807559754699,135.202108891681,"Chrome","Windows","798x603","Desktop","Agent6819",5044,0,0
"subj023",8,20,"word_reading_cong","yellow","yellow",725,"219.58.70.101",-85.5244999006391,-92.1655603218824,"Chrome","Windows","921x361","Desktop","Agent8925",542,0,0
"subj023",8,21,"word_reading_cong","yellow","yellow",742,"218.221.118.232",26.250031250529,-5.22294759750366,"Chrome","Windows","574x379","Desktop","Agent3180",344,0,0
"subj023",8,22,"ink_naming_incong","yellow","yellow",1128,"209.125.116.230",52.6652673399076,-86.4719426259398,"Chrome","Windows","571x688","Desktop","Agent3122",6568,0,0
"subj023",8,23,"word_reading_cong","green","green",708,"216.0.216.186",-78.6555330595002,-39.7311250213534,"Chrome","Windows","592x603","Desktop","Agent9474",2270,0,0
"subj023",8,24,"word_reading_cong","red","red",694,"204.56.200.94",2.44321962352842,75.2456225920469,"Chrome","Windows","65x103","Desktop","Agent8430",1935,0,0
"subj023",8,25,"ink_naming_incong","yellow","yellow",1201,"218.243.254.36",-4.46718533523381,79.476120499894,"Chrome","Windows","830x465","Desktop","Agent7195",6760,0,0
"subj023",8,26,"word_reading_incong","green","green",807,"206.133.249.59",-84.3731595436111,75.3003215510398,"Chrome","Windows","843x582","Desktop","Agent4693",2817,0,0
"subj023",8,27,"word_reading_incong","red","red",726,"214.171.54.202",-74.8568322882056,81.2589509692043,"Chrome","Windows","321x742","Desktop","Agent5032",284,0,0
"subj023",8,28,"word_reading_cong","blue","blue",604,"193.5.215.89",-84.2760343244299,-128.467549849302,"Chrome","Windows","32x592","Desktop","Agent9487",8522,0,0
"subj023",8,29,"ink_naming_incong","red","red",988,"219.42.11.93",34.2514218343422,61.9386915676296,"Chrome","Windows","851x531","Desktop","Agent7394",715,0,0
"subj023",8,30,"ink_naming_cong","blue","blue",952,"202.251.37.182",-72.5356179708615,113.74173855409,"Chrome","Windows","139x124","Desktop","Agent8887",9328,0,0
"subj023",8,31,"ink_naming_cong","green","green",1046,"208.84.27.8",-58.0748813040555,143.668046006933,"Chrome","Windows","908x70","Desktop","Agent4741",9772,0,0
"subj023",8,32,"ink_naming_cong","yellow","yellow",223,"205.140.108.67",-87.8224661713466,146.740197669715,"Chrome","Windows","622x191","Desktop","Agent1621",326,0,0
"subj023",8,33,"word_reading_incong","red","red",773,"196.16.25.89",37.9790236148983,-150.348410345614,"Chrome","Windows","661x105","Desktop","Agent1670",8340,0,0
"subj023",8,34,"word_reading_incong","blue","blue",764,"193.247.83.205",81.0416989959776,177.185223139822,"Chrome","Windows","3x198","Desktop","Agent4264",5086,0,0
"subj023",8,35,"word_reading_incong","blue","blue",686,"216.147.153.63",9.45443436037749,-17.5912306085229,"Chrome","Windows","702x445","Desktop","Agent4824",5999,0,0
"subj023",8,36,"ink_naming_cong","blue","blue",1021,"208.199.31.147",11.1530537344515,78.8336174469441,"Chrome","Windows","947x557","Desktop","Agent4110",5073,0,0
"subj023",8,37,"word_reading_cong","yellow","yellow",699,"216.8.199.43",-44.0480590425432,-6.00701194256544,"Chrome","Windows","378x450","Desktop","Agent9474",7925,0,0
"subj023",8,38,"word_reading_cong","green","green",641,"208.22.86.189",72.9251366620883,109.944651424885,"Chrome","Windows","822x523","Desktop","Agent7611",4225,0,0
"subj023",8,39,"ink_naming_cong","blue","blue",1134,"206.206.29.62",-67.25334150251,-130.126185910776,"Chrome","Windows","614x102","Desktop","Agent7647",8153,0,0
"subj023",8,40,"word_reading_cong","yellow","yellow",696,"194.145.155.76",-63.6152788158506,34.9427148140967,"Chrome","Windows","818x63","Desktop","Agent9648",1530,0,0
"subj023",8,41,"ink_naming_cong","blue","blue",957,"210.158.233.83",-68.930750512518,-55.9742098208517,"Chrome","Windows","724x690","Desktop","Agent2447",893,0,0
"subj023",8,42,"word_reading_cong","blue","blue",733,"204.72.156.78",-16.1324780853465,-133.719272352755,"Chrome","Windows","55x212","Desktop","Agent3026",4747,0,0
"subj023",8,43,"word_reading_incong","red","red",759,"204.169.147.162",-57.8980309842154,83.3092270977795,"Chrome","Windows","13x163","Desktop","Agent9837",3653,0,0
"subj023",8,44,"ink_naming_cong","red","red",1091,"217.73.152.114",23.8733011996374,119.170326758176,"Chrome","Windows","374x466","Desktop","Agent7552",8640,0,0
"subj023",8,45,"word_reading_cong","green","green",852,"207.145.31.39",-34.694615509361,122.30284916237,"Chrome","Windows","81x46","Desktop","Agent7130",9757,0,0
"subj023",8,46,"ink_naming_incong","red","red",1139,"213.100.83.97",-27.2495975531638,49.3744430970401,"Chrome","Windows","349x639","Desktop","Agent6442",2581,0,0
"subj023",8,47,"ink_naming_incong","green","green",1216,"212.196.104.15",-1.32304431404918,-5.96417446620762,"Chrome","Windows","25x681","Desktop","Agent3922",9674,0,0
"subj023",8,48,"ink_naming_incong","yellow","yellow",1251,"198.108.58.54",82.3721364839002,-98.886700021103,"Chrome","Windows","504x371","Desktop","Agent5027",2195,0,0
"subj023",8,49,"ink_naming_cong","red","red",986,"223.176.155.225",-43.8853090954944,83.5395296104252,"Chrome","Windows","597x595","Desktop","Agent5853",2995,0,0
"subj023",8,50,"ink_naming_incong","red","red",1250,"217.121.226.7",82.2447718726471,159.311441257596,"Chrome","Windows","823x487","Desktop","Agent9139",7947,0,0
